0 0.430208 0.632812 0.070833 0.153125
0 0.095833 0.392708 0.164583 0.062500
0 0.071354 0.480729 0.138542 0.057292
0 0.514062 0.347396 0.071875 0.151042
0 0.077083 0.568229 0.152083 0.065625
0 0.655729 0.654687 0.071875 0.146875
0 0.365104 0.359375 0.067708 0.145833
0 0.594792 0.357812 0.075000 0.146875
0 0.728646 0.655729 0.067708 0.144792
0 0.683854 0.353646 0.078125 0.142708
0 0.802083 0.660937 0.070833 0.148958
0 0.767708 0.342708 0.083333 0.152083
0 0.854167 0.337500 0.068750 0.133333
0 0.878125 0.677604 0.072917 0.146875
0 0.942708 0.343750 0.070833 0.143750
0 0.971875 0.670833 0.056250 0.154167