0 0.114062 0.701042 0.098958 0.191667
0 0.394792 0.732292 0.097917 0.181250
0 0.486458 0.739062 0.095833 0.180208
0 0.578646 0.745833 0.092708 0.181250
0 0.673958 0.768750 0.097917 0.181250
0 0.804167 0.765625 0.089583 0.191667
0 0.927604 0.767188 0.105208 0.184375
0 0.954688 0.401562 0.090625 0.182292
0 0.766667 0.350521 0.091667 0.178125
0 0.654687 0.340625 0.088542 0.168750
0 0.545833 0.344271 0.102083 0.192708
0 0.437500 0.354167 0.093750 0.175000
0 0.330208 0.358333 0.091667 0.185417
0 0.226562 0.339583 0.098958 0.191667
0 0.043229 0.353125 0.084375 0.181250