0 0.392188 0.315625 0.071875 0.168750
0 0.778125 0.371875 0.175000 0.075000
0 0.155729 0.743229 0.076042 0.153125
0 0.234896 0.739583 0.071875 0.147917
0 0.320312 0.734896 0.069792 0.161458
0 0.403646 0.733854 0.071875 0.155208
0 0.491146 0.733333 0.076042 0.172917
0 0.670833 0.759896 0.077083 0.173958
0 0.927083 0.773958 0.075000 0.160417
0 0.490625 0.319792 0.072917 0.170833
0 0.961979 0.151562 0.076042 0.176042
0 0.865625 0.141146 0.075000 0.157292
0 0.727604 0.127604 0.071875 0.157292
0 0.617188 0.114583 0.078125 0.160417
0 0.298438 0.241667 0.073958 0.172917
0 0.200000 0.225521 0.068750 0.155208
0 0.119792 0.238542 0.075000 0.162500
0 0.034375 0.393750 0.066667 0.168750