0 0.180208 0.371875 0.060417 0.135417
0 0.101042 0.363021 0.070833 0.134375
0 0.036458 0.341667 0.070833 0.137500
0 0.320312 0.397396 0.071875 0.130208
0 0.392188 0.406771 0.071875 0.130208
0 0.257292 0.480729 0.075000 0.138542
0 0.470833 0.420833 0.070833 0.133333
0 0.542188 0.442188 0.067708 0.126042
0 0.608333 0.454167 0.070833 0.135417
0 0.673438 0.469792 0.078125 0.137500
0 0.719271 0.598958 0.061458 0.141667
0 0.817187 0.497917 0.076042 0.131250
0 0.892188 0.517188 0.082292 0.140625
0 0.961979 0.524479 0.067708 0.126042