0 0.016146 0.301563 0.030208 0.151042
0 0.091667 0.307812 0.070833 0.151042
0 0.196875 0.329167 0.072917 0.156250
0 0.285417 0.323958 0.070833 0.145833
0 0.401562 0.186979 0.067708 0.155208
0 0.483854 0.178646 0.063542 0.140625
0 0.559375 0.248958 0.064583 0.154167
0 0.679167 0.180208 0.068750 0.154167
0 0.744792 0.247917 0.064583 0.141667
0 0.888542 0.403646 0.164583 0.065625
0 0.907813 0.693750 0.065625 0.154167
0 0.746875 0.653125 0.066667 0.139583
0 0.670833 0.653125 0.064583 0.145833
0 0.576042 0.646875 0.068750 0.147917
0 0.503125 0.654687 0.066667 0.144792
0 0.421354 0.657813 0.067708 0.155208
0 0.286979 0.641667 0.067708 0.145833
0 0.197917 0.635938 0.070833 0.153125
0 0.125000 0.647396 0.068750 0.148958
0 0.037500 0.621354 0.072917 0.153125