0 0.905208 0.392188 0.154167 0.063542
0 0.923958 0.673958 0.066667 0.150000
0 0.763542 0.240625 0.064583 0.137500
0 0.698958 0.172917 0.070833 0.150000
0 0.767708 0.635938 0.062500 0.132292
0 0.694271 0.634896 0.061458 0.142708
0 0.584896 0.242188 0.061458 0.151042
0 0.601562 0.630729 0.061458 0.146875
0 0.510938 0.171875 0.063542 0.137500
0 0.431771 0.182812 0.061458 0.153125
0 0.530729 0.634896 0.063542 0.146875
0 0.318229 0.314063 0.063542 0.140625
0 0.451562 0.637500 0.063542 0.145833
0 0.319271 0.623437 0.063542 0.142708
0 0.236458 0.320833 0.070833 0.150000
0 0.235937 0.617708 0.069792 0.147917
0 0.165625 0.629687 0.066667 0.144792
0 0.078125 0.604688 0.066667 0.153125
0 0.131771 0.298438 0.065625 0.151042
0 0.039583 0.295312 0.070833 0.144792
0 0.019792 0.609375 0.037500 0.164583