0 0.034375 0.358333 0.060417 0.137500
0 0.129688 0.386458 0.061458 0.135417
0 0.209896 0.378125 0.067708 0.135417
0 0.320312 0.264062 0.057292 0.142708
0 0.397396 0.256771 0.059375 0.126042
0 0.463021 0.326562 0.061458 0.140625
0 0.629687 0.333333 0.059375 0.129167
0 0.575521 0.270313 0.067708 0.142708
0 0.753125 0.480208 0.152083 0.062500
0 0.988542 0.768229 0.022917 0.126042
0 0.758333 0.744792 0.062500 0.137500
0 0.617708 0.704167 0.060417 0.125000
0 0.548958 0.697917 0.060417 0.131250
0 0.463542 0.689583 0.060417 0.137500
0 0.396354 0.691667 0.061458 0.133333
0 0.319271 0.692187 0.067708 0.140625
0 0.199479 0.670312 0.063542 0.134375
0 0.119271 0.661458 0.069792 0.139583
0 0.053646 0.670833 0.063542 0.131250