0 0.028125 0.251042 0.054167 0.133333
0 0.109896 0.248958 0.065625 0.135417
0 0.203125 0.261458 0.064583 0.139583
0 0.280208 0.246875 0.054167 0.133333
0 0.376563 0.123438 0.061458 0.142708
0 0.448958 0.109375 0.060417 0.127083
0 0.521875 0.166667 0.060417 0.137500
0 0.622396 0.096354 0.061458 0.136458
0 0.684896 0.154688 0.053125 0.128125
0 0.822396 0.286458 0.146875 0.062500
0 0.857292 0.539583 0.064583 0.137500
0 0.713021 0.516146 0.061458 0.123958
0 0.645312 0.518750 0.065625 0.129167
0 0.559896 0.519271 0.061458 0.134375
0 0.495833 0.531250 0.054167 0.131250
0 0.422396 0.539062 0.061458 0.138542
0 0.300521 0.533333 0.063542 0.131250
0 0.219792 0.533854 0.056250 0.136458
0 0.158854 0.551042 0.061458 0.129167
0 0.076042 0.531771 0.070833 0.136458
0 0.022917 0.545312 0.043750 0.153125