0 0.036458 0.328125 0.070833 0.191667
0 0.135937 0.314583 0.086458 0.183333
0 0.284375 0.149479 0.079167 0.198958
0 0.386458 0.132292 0.077083 0.175000
0 0.481250 0.221354 0.079167 0.192708
0 0.709375 0.218229 0.077083 0.182292
0 0.896354 0.414062 0.203125 0.078125
0 0.629167 0.133333 0.085417 0.191667
0 0.920312 0.776563 0.084375 0.194792
0 0.719792 0.731250 0.083333 0.170833
0 0.622396 0.728125 0.082292 0.181250
0 0.504687 0.720313 0.082292 0.186458
0 0.413021 0.731250 0.082292 0.181250
0 0.310937 0.736458 0.082292 0.191667
0 0.140104 0.717708 0.088542 0.181250
0 0.036979 0.711458 0.071875 0.189583