0 0.712500 0.222917 0.072917 0.170833
0 0.902083 0.390625 0.191667 0.083333
0 0.956771 0.730208 0.086458 0.181250
0 0.623958 0.147917 0.081250 0.187500
0 0.765625 0.704167 0.081250 0.164583
0 0.496354 0.245312 0.082292 0.182292
0 0.671875 0.710417 0.087500 0.172917
0 0.558333 0.714583 0.085417 0.179167
0 0.395833 0.168229 0.087500 0.165625
0 0.474479 0.732292 0.082292 0.172917
0 0.301563 0.191146 0.086458 0.186458
0 0.379688 0.746354 0.084375 0.186458
0 0.176042 0.359896 0.077083 0.178125
0 0.215104 0.741667 0.090625 0.172917
0 0.107292 0.743750 0.091667 0.177083
0 0.035417 0.766146 0.068750 0.178125
0 0.074479 0.377604 0.092708 0.196875